PersiaSlot01  (5212,106)
PersiaSlot02  (5212,184)
CreteSlot01  (5037,106)
CreteSlot02  (5037,184)
ArgosSlot01  (4857,106)
ArgosSlot02  (4857,184)
AlliesSlot01  (4651,106)
AlliesSlot02  (4651,184)
CitySlot01  (4416,106)
CitySlot02  (4416,184)
Ionian Sea  (3070,2372)
Abdera  (6025,360)  (6049,360)  (6025,396)  (6049,396)
Abydos  (6712,894)  (6736,894)  (6712,930)  (6736,930)
Adriatic Sea  (3203,1350)  (3227,1350)  (3203,1386)  (3227,1386)
Aegae  (4674,506)  (4698,506)  (4674,542)  (4698,542)
Aegean Sea  (5864,1407)  (5888,1407)  (5864,1443)  (5888,1443)
Aegospotami  (6793,661)  (6817,661)  (6793,697)  (6817,697)
Aeolis  (6838,1024)  (6862,1024)  (6838,1060)  (6862,1060)
Ambracia  (4165,1475)  (4189,1475)  (4165,1511)  (4189,1511)
Amphipolis  (5418,475)  (5442,475)  (5418,511)  (5442,511)
Andros  (5944,2220)  (5968,2220)  (5944,2256)  (5968,2256)
Apollonia  (3477,522)  (3501,522)  (3477,558)  (3501,558)
Argos  (4975,2359)  (4999,2359)  (4975,2395)  (4999,2395)
Asia  (7961,282)  (7985,282)  (7961,318)  (7985,318)
Asso  (6672,1243)  (6696,1243)  (6672,1279)  (6696,1279)
Athens  (5500,2196)  (5524,2196)  (5500,2232)  (5524,2232)
Attica  (5419,2072)  (5443,2072)  (5419,2108)  (5443,2108)
Black Sea  (7872,13)  (7896,13)  (7872,49)  (7896,49)
Boeotia  (5054,1840)  (5078,1840)  (5054,1876)  (5078,1876)
Byzantium  (7803,313)  (7827,313)  (7803,349)  (7827,349)
Calzomenae  (6873,1917)  (6897,1917)  (6873,1953)  (6897,1953)
Camarina  (1173,2825)  (1197,2825)  (1173,2861)  (1197,2861)
Camiros  (7359,3174)  (7383,3174)  (7359,3210)  (7383,3210)
Carystos  (5742,2103)  (5766,2103)  (5742,2139)  (5766,2139)
Catania  (1457,2336)  (1481,2336)  (1457,2372)  (1481,2372)
Cephallenia  (3960,2023)  (3984,2023)  (3960,2059)  (3984,2059)
Chalcedon  (7924,383)  (7948,383)  (7924,419)  (7948,419)
Chalcidice  (5268,641)  (5292,641)  (5268,677)  (5292,677)
Chalcis  (5460,1848)  (5484,1848)  (5460,1884)  (5484,1884)
Chios  (6551,1871)  (6575,1871)  (6551,1907)  (6575,1907)
Chios Isle  (6474,1823)  (6498,1823)  (6474,1859)  (6498,1859)
Cnidus  (7278,2894)  (7302,2894)  (7278,2930)  (7302,2930)
Cnossos  (6106,3709)  (6130,3709)  (6106,3745)  (6130,3745)
Corcyra  (3640,1173)  (3664,1173)  (3640,1209)  (3664,1209)
Corcyra Isle  (3609,1115)  (3633,1115)  (3609,1151)  (3633,1151)
Corinth  (5015,2196)  (5039,2196)  (5015,2232)  (5039,2232)
Coronea  (5136,1894)  (5160,1894)  (5136,1930)  (5160,1930)
Crete  (5697,3702)  (5721,3702)  (5697,3738)  (5721,3738)
Crotone  (2346,1499)  (2370,1499)  (2346,1535)  (2370,1535)
Cumae  (972,383)  (996,383)  (972,419)  (996,419)
Cydonia  (5581,3593)  (5605,3593)  (5581,3629)  (5605,3629)
Cythera  (5089,3167)  (5113,3167)  (5089,3203)  (5113,3203)
Cythium  (4772,2801)  (4796,2801)  (4772,2837)  (4796,2837)
Cyzicus  (7359,755)  (7383,755)  (7359,791)  (7383,791)
Decelea  (5500,2103)  (5524,2103)  (5500,2139)  (5524,2139)
Delos  (6151,2497)
Delphi  (4898,1916)
Dodana  (4084,1197)  (4108,1197)  (4084,1233)  (4108,1233)
Elaea  (4004,1430)  (4028,1430)  (4004,1466)  (4028,1466)
Eleusis  (5338,2103)  (5362,2103)  (5338,2139)  (5362,2139)
Elis  (4449,2196)  (4473,2196)  (4449,2232)  (4473,2232)
Ephesus  (7076,2173)  (7100,2173)  (7076,2209)  (7100,2209)
Epidamnus  (3518,34)  (3542,34)  (3518,70)  (3542,70)
Epidaurus  (5177,2336)  (5201,2336)  (5177,2372)  (5201,2372)
Epirus  (4178,1152)  (4202,1152)  (4178,1188)  (4202,1188)
Eretria  (5540,1894)  (5564,1894)  (5540,1930)  (5564,1930)
Erythrai  (6753,1894)  (6777,1894)  (6753,1930)  (6777,1930)
Euboea  (5527,1818)  (5551,1818)  (5527,1854)  (5551,1854)
Gela  (1012,2639)  (1036,2639)  (1012,2675)  (1036,2675)
Gortyna  (5985,3825)  (6009,3825)  (5985,3861)  (6009,3861)
Gulf of Corinth  (4829,2003)  (4853,2003)  (4829,2039)  (4853,2039)
Halicarnassus  (7157,2685)  (7181,2685)  (7157,2721)  (7181,2721)
Hellespont  (7260,550)  (7284,550)  (7260,586)  (7284,586)
Helos  (4934,2801)  (4958,2801)  (4934,2837)  (4958,2837)
Hermione  (5216,2499)  (5240,2499)  (5216,2535)  (5240,2535)
Himera  (890,2150)  (914,2150)  (890,2186)  (914,2186)
Iasos  (7197,2522)  (7221,2522)  (7197,2558)  (7221,2558)
Illyris  (3888,66)  (3912,66)  (3888,102)  (3912,102)
Ionia  (7164,2144)
Doris  (7456,2690)
Italy  (1735,472)  (1759,472)  (1735,508)  (1759,508)
Kynossema  (6631,848)  (6655,848)  (6631,884)  (6655,884)
Lampsacus  (6793,755)  (6817,755)  (6793,791)  (6817,791)
Larissa  (4812,1150)  (4836,1150)  (4812,1186)  (4836,1186)
Lemnos  (6080,995)  (6104,995)  (6080,1031)  (6104,1031)
Lesbos  (6608,1406)  (6632,1406)  (6608,1442)  (6632,1442)
Leucas  (4044,1685)  (4068,1685)  (4044,1721)  (4068,1721)
Leuctra  (5177,2010)  (5201,2010)  (5177,2046)  (5201,2046)
Lindos  (7439,3220)  (7463,3220)  (7439,3256)  (7463,3256)
Locri  (2063,1894)  (2087,1894)  (2063,1930)  (2087,1930)
Macedonia  (4767,346)  (4791,346)  (4767,382)  (4791,382)
Mantineia  (4852,2382)  (4876,2382)  (4852,2418)  (4876,2418)
Marathon  (5540,2034)  (5564,2034)  (5540,2070)  (5564,2070)
Maronea  (6227,383)  (6251,383)  (6227,419)  (6251,419)
Mediterranean Sea  (3235,2962)  (3259,2962)  (3235,2998)  (3259,2998)
Megara  (5216,2127)  (5240,2127)  (5216,2163)  (5240,2163)
Melos  (5742,2894)  (5766,2894)  (5742,2930)  (5766,2930)
Mende  (5296,964)  (5320,964)  (5296,1000)  (5320,1000)
Messana  (1619,2057)  (1643,2057)  (1619,2093)  (1643,2093)
Messenia  (4650,2592)  (4674,2592)  (4650,2628)  (4674,2628)
Methone  (4893,685)  (4917,685)  (4893,721)  (4917,721)
Miletus  (7116,2429)  (7140,2429)  (7116,2465)  (7140,2465)
Mytilene  (6712,1499)  (6736,1499)  (6712,1535)  (6736,1535)
Naupactus  (4570,1894)  (4594,1894)  (4570,1930)  (4594,1930)
Naxos  (6227,2662)  (6251,2662)  (6227,2698)  (6251,2698)
Neapolis  (1093,406)  (1117,406)  (1093,442)  (1117,442)
Notium  (6914,2080)  (6938,2080)  (6914,2116)  (6938,2116)
Oenophyta  (5460,1987)  (5484,1987)  (5460,2023)  (5484,2023)
Olympia  (4489,2313)  (4513,2313)  (4489,2349)  (4513,2349)
Olynthus  (5216,778)  (5240,778)  (5216,814)  (5240,814)
Oricum  (3437,778)  (3461,778)  (3437,814)  (3461,814)
Pagasa  (5055,1336)  (5079,1336)  (5055,1372)  (5079,1372)
Patrae  (4529,2010)  (4553,2010)  (4529,2046)  (4553,2046)
Pella  (4812,545)  (4836,545)  (4812,581)  (4836,581)
Peloponnese  (4687,2310)  (4711,2310)  (4687,2346)  (4711,2346)
Perinthus  (7359,336)  (7383,336)  (7359,372)  (7383,372)
Persian Empire  (7636,1585)  (7660,1585)  (7636,1621)  (7660,1621)
Phlius  (4934,2243)  (4958,2243)  (4934,2279)  (4958,2279)
Phocaea  (6834,1708)  (6858,1708)  (6834,1744)  (6858,1744)
Piraeus  (5460,2266)  (5484,2266)  (5460,2302)  (5484,2302)
Plaque  (4229,78)  (4253,78)  (4229,114)  (4253,114)
Potidea  (5257,848)  (5281,848)  (5257,884)  (5281,884)
Priene  (7116,2243)  (7140,2243)  (7116,2279)  (7140,2279)
Pylos  (4529,2755)  (4553,2755)  (4529,2791)  (4553,2791)
Rhegium  (1699,2057)  (1723,2057)  (1699,2093)  (1723,2093)
Rhodes  (7480,3058)  (7504,3058)  (7480,3094)  (7504,3094)
Rhodes Isle  (7344,3235)  (7368,3235)  (7344,3271)  (7368,3271)
Samos  (6952,2278)  (6976,2278)  (6952,2314)  (6976,2314)
Segesta  (406,2103)  (430,2103)  (406,2139)  (430,2139)
Selinus  (365,2359)  (389,2359)  (365,2395)  (389,2395)
Sicily  (973,2333)  (997,2333)  (973,2369)  (997,2369)
Sparta  (4852,2662)  (4876,2662)  (4852,2698)  (4876,2698)
Strand  (5540,964)  (5564,964)  (5540,1000)  (5564,1000)
Syracuse  (1497,2685)  (1521,2685)  (1497,2721)  (1521,2721)
Tanagra  (5418,1917)  (5442,1917)  (5418,1953)  (5442,1953)
Tarentum  (2427,615)  (2451,615)  (2427,651)  (2451,651)
Tegea  (4852,2569)  (4876,2569)  (4852,2605)  (4876,2605)
Thasos  (5864,499)  (5888,499)  (5864,535)  (5888,535)
Thebes  (5296,1941)  (5320,1941)  (5296,1977)  (5320,1977)
Thera  (6227,3081)  (6251,3081)  (6227,3117)  (6251,3117)
Thessaly  (4769,1328)  (4793,1328)  (4769,1364)  (4793,1364)
Thrace  (6043,85)  (6067,85)  (6043,121)  (6067,121)
Thuri  (2063,1150)  (2087,1150)  (2063,1186)  (2087,1186)
Thyrea  (5055,2639)  (5079,2639)  (5055,2675)  (5079,2675)
Tricca  (4529,1263)  (4553,1263)  (4529,1299)  (4553,1299)
Tyrrhenian Sea  (965,1249)  (989,1249)  (965,1285)  (989,1285)
Vergina  (4772,801)  (4796,801)  (4772,837)  (4796,837)
Zacynthus  (4080,2295)  (4104,2295)  (4080,2331)  (4104,2331)
WP Adriatic 01  (3128,1083)    
WP Adriatic 02  (3128,386)    
WP Adriatic 03  (3411,1711)    
WP Adriatic 04  (2845,1757)    
WP Aegean 01  (5352,1153)    
WP Aegean 02  (5918,2548)    
WP Aegean 03  (5352,2688)    
WP Aegean 04  (5878,3409)    
WP Aegean 05  (6201,1456)    
WP Aegean 06  (6282,2060)    
WP Aegean 07  (6807,2641)    
WP Aegean 08  (6848,3130)    
WP Aegina  (5352,2269)    
WP Amorgos  (6443,2851)    
WP Isthmus of Corinth  (5109,2176)    
WP Boeotia  (4866,1664)    
WP Cephallenia  (3896,1990)    
WP Crete  (5392,3595)    
WP Cythera  (5109,3153)    
WP Icus  (5514,1432)    
WP Italy 01  (1876,2008)    
WP Italy 02  (2198,827)    
WP Italy 03  (1888,1205)    
WP Italy 04  (2805,664)    
WP Lemnos  (6120,990)    
WP Mediterranean 01  (1956,2501)    
WP Mediterranean 02  (4098,2851)    
WP Mediterranean 03  (4543,3153)    
WP Seyrus  (5837,1664)    
WP Sicily 01  (1187,2153)    
WP Sicily 02  (743,2595)    
WP Sicily 03  (1283,2688)    
WP Taranto  (2522,1106)    
WP Thessaly  (4388,1379)    
WP Thrace 01  (6565,595)    
WP Thrace 02  (7130,501)    
WP Tyrrhenian  (1633,1246)    
WP Zacynthus  (4113,2286)    